@relation soybean-rm_attr_w_10p_missing-rm_inst_w_missing-weka.filters.unsupervised.attribute.Discretize-D-F-B8-M-1.0-Rfirst-last-nominal2binarysplit_minmulti.py-choose_class.py-vbrown_spot

@0:	date = april
@1:	date = may
@2:	date = june
@3:	date = july
@4:	date = august
@5:	date = september
@6:	date = october
@7:	plant_stand = normal
@8:	plant_stand = lt_normal
@9:	precip = lt_norm
@10:	precip = norm
@11:	precip = gt_norm
@12:	temp = lt_norm
@13:	temp = norm
@14:	temp = gt_norm
@15:	crop_hist = diff_lst_year
@16:	crop_hist = same_lst_yr
@17:	crop_hist = same_lst_two_yrs
@18:	crop_hist = same_lst_sev_yrs
@19:	area_damaged = scattered
@20:	area_damaged = low_areas
@21:	area_damaged = upper_areas
@22:	area_damaged = whole_field
@23:	plant_growth = norm
@24:	plant_growth = abnorm
@25:	leaves = norm
@26:	leaves = abnorm
@27:	stem = norm
@28:	stem = abnorm
@29:	stem_cankers = absent
@30:	stem_cankers = below_soil
@31:	stem_cankers = above_soil
@32:	stem_cankers = above_sec_nde
@33:	canker_lesion = dna
@34:	canker_lesion = brown
@35:	canker_lesion = dk_brown_blk
@36:	canker_lesion = tan
@37:	external_decay = absent
@38:	external_decay = firm_and_dry
@39:	external_decay = watery
@40:	mycelium = absent
@41:	mycelium = present
@42:	int_discolor = none
@43:	int_discolor = brown
@44:	int_discolor = black
@45:	sclerotia = absent
@46:	sclerotia = present
@47:	roots = norm
@48:	roots = rotted
@49:	roots = galls_cysts
@class:	1='brown_spot'	 0={'diaporthe_stem_canker','charcoal_rot','rhizoctonia_root_rot','phytophthora_rot','brown_stem_rot','powdery_mildew','downy_mildew','bacterial_blight','bacterial_pustule','purple_seed_stain','anthracnose','phyllosticta_leaf_spot','alternarialeaf_spot','frog_eye_leaf_spot'}
@data

6 7 11 13 16 20 24 26 28 32 34 38 40 42 45 47 0
4 7 11 13 17 19 24 26 28 32 34 38 40 42 45 47 0
3 7 11 13 16 19 24 26 28 32 33 38 40 42 45 47 0
3 7 11 13 16 19 24 26 28 32 33 38 40 42 45 47 0
6 7 11 13 17 19 24 26 28 32 34 38 40 42 45 47 0
5 7 11 13 18 19 24 26 28 32 33 38 40 42 45 47 0
5 7 11 13 17 19 24 26 28 32 34 38 40 42 45 47 0
4 7 11 13 16 19 24 26 28 32 34 38 40 42 45 47 0
6 7 11 13 18 19 24 26 28 32 34 38 40 42 45 47 0
4 7 11 13 17 19 24 26 28 32 34 38 40 42 45 47 0
6 7 9 14 16 22 24 26 28 29 36 37 40 44 46 47 0
4 7 9 13 16 22 24 26 28 29 36 37 40 44 46 47 0
3 7 9 13 16 21 24 26 28 29 36 37 40 44 46 47 0
6 7 9 13 18 22 24 26 28 29 36 37 40 44 46 47 0
6 7 9 14 16 22 24 26 28 29 36 37 40 44 46 47 0
5 7 9 14 18 22 24 26 28 29 36 37 40 44 46 47 0
6 7 9 14 15 21 24 26 28 29 36 37 40 44 46 47 0
4 7 9 13 17 21 24 26 28 29 36 37 40 44 46 47 0
3 7 9 14 17 21 24 26 28 29 36 37 40 44 46 47 0
5 7 9 14 17 21 24 26 28 29 36 37 40 44 46 47 0
1 8 11 12 17 20 24 25 28 30 34 38 41 42 45 47 0
1 8 11 12 16 20 24 25 28 30 34 38 40 42 45 47 0
3 7 11 12 18 20 24 25 28 30 34 38 41 42 45 47 0
0 8 11 12 15 20 24 25 28 30 34 38 40 42 45 47 0
0 8 11 12 16 20 24 25 28 30 34 38 40 42 45 47 0
1 8 11 12 18 20 24 25 28 30 34 38 40 42 45 47 0
1 8 11 12 15 20 24 25 28 30 34 38 40 42 45 47 0
2 8 11 12 17 20 24 25 28 30 34 38 40 42 45 47 0
1 8 11 12 16 20 24 25 28 30 34 38 40 42 45 47 0
2 8 11 12 16 20 24 25 28 30 34 38 40 42 45 47 0
0 8 11 13 16 20 24 26 28 30 35 38 40 42 45 47 0
1 8 11 13 18 20 24 26 28 31 35 37 40 42 45 48 0
2 8 11 14 17 20 24 26 28 32 35 37 40 42 45 48 0
1 8 11 12 17 20 24 26 28 31 35 37 40 42 45 47 0
2 8 11 14 17 20 24 26 28 31 35 37 40 42 45 48 0
3 8 11 13 17 20 24 26 28 32 35 37 40 42 45 48 0
0 8 10 13 16 20 24 26 28 30 35 37 40 42 45 47 0
3 8 11 12 17 20 24 26 28 31 35 37 40 42 45 47 0
2 8 10 13 15 20 24 26 28 31 35 37 40 42 45 48 0
2 8 11 12 16 20 24 26 28 30 35 37 40 42 45 47 0
2 8 11 13 16 20 24 26 28 31 35 37 40 42 45 48 0
1 8 11 13 16 20 24 26 28 30 35 37 40 42 45 48 0
0 8 11 13 18 20 24 26 28 30 35 37 40 42 45 47 0
0 8 10 13 17 20 24 26 28 31 35 38 40 42 45 47 0
3 8 11 12 16 20 24 26 28 31 35 37 40 42 45 47 0
2 8 11 14 18 20 24 26 28 32 35 37 40 42 45 48 0
0 8 11 13 17 20 24 26 28 30 35 37 40 42 45 47 0
2 8 10 14 17 20 24 26 28 31 35 37 40 42 45 48 0
2 8 11 13 16 20 24 26 28 30 35 38 40 42 45 47 0
0 8 11 13 18 20 24 26 28 30 35 37 40 42 45 47 0
1 8 11 13 15 20 24 26 28 31 35 37 40 42 45 47 0
1 8 11 13 15 20 24 26 28 30 35 37 40 42 45 48 0
3 8 11 13 16 20 24 26 28 32 35 37 40 42 45 48 0
2 8 11 13 16 20 24 26 28 32 35 37 40 42 45 48 0
3 8 11 14 17 20 24 26 28 31 35 37 40 42 45 48 0
1 8 11 13 18 20 24 26 28 30 35 38 40 42 45 47 0
3 8 10 13 18 20 24 26 28 31 35 37 40 42 45 48 0
2 8 11 14 16 20 24 26 28 31 35 37 40 42 45 48 0
3 8 10 14 17 20 24 26 28 31 35 37 40 42 45 48 0
1 8 11 14 16 20 24 26 28 30 35 37 40 42 45 48 0
2 8 11 14 18 20 24 26 28 31 35 37 40 42 45 48 0
3 8 10 13 15 20 24 26 28 32 35 37 40 42 45 48 0
2 8 11 12 16 20 24 26 28 30 35 37 40 42 45 47 0
3 8 10 13 16 20 24 26 28 32 35 37 40 42 45 48 0
2 8 11 14 16 20 24 26 28 30 35 37 40 42 45 48 0
1 8 11 12 15 20 24 26 28 31 35 37 40 42 45 47 0
3 8 11 13 17 20 24 26 28 31 35 37 40 42 45 48 0
3 8 11 13 18 20 24 26 28 32 35 37 40 42 45 48 0
3 8 10 12 17 20 24 26 28 31 35 37 40 42 45 47 0
3 8 11 14 17 20 24 26 28 32 35 37 40 42 45 48 0
4 7 9 13 16 22 23 26 28 29 33 37 40 43 45 47 0
4 7 9 13 16 22 23 26 28 29 33 37 40 43 45 47 0
3 8 9 12 18 19 24 25 28 29 36 37 40 43 45 47 0
5 7 9 14 16 22 23 26 28 29 33 37 40 43 45 47 0
5 7 9 14 17 22 23 26 28 29 33 37 40 43 45 47 0
4 7 9 13 18 21 23 26 28 29 33 37 40 43 45 47 0
5 7 9 13 18 22 24 26 28 29 36 37 40 43 45 47 0
6 7 10 13 17 19 24 25 28 29 36 37 40 43 45 47 0
5 8 9 12 18 21 24 26 28 29 36 37 40 43 45 47 0
5 8 9 13 16 22 24 26 28 29 36 37 40 43 45 47 0
4 7 10 12 17 22 24 25 28 29 36 37 40 43 45 47 0
4 8 9 12 18 21 24 26 28 29 36 37 40 43 45 47 0
4 7 9 13 17 19 23 26 28 29 33 37 40 43 45 47 0
3 8 9 12 17 19 24 26 28 29 36 37 40 43 45 47 0
5 7 9 13 18 21 23 26 28 29 33 37 40 43 45 47 0
4 7 9 13 18 22 23 26 28 29 33 37 40 43 45 47 0
4 7 9 13 18 21 23 26 28 29 33 37 40 43 45 47 0
4 7 9 13 16 21 23 26 28 29 33 37 40 43 45 47 0
4 7 9 13 16 21 23 26 28 29 33 37 40 43 45 47 0
3 7 9 13 18 21 23 26 28 29 33 37 40 43 45 47 0
5 7 9 13 18 22 23 26 27 29 33 37 40 42 45 47 0
6 7 10 12 15 19 23 26 27 29 33 37 40 42 45 47 0
1 8 9 13 18 22 23 26 27 29 33 37 40 42 45 47 0
6 8 10 12 17 21 23 26 27 29 33 37 40 42 45 47 0
4 8 10 12 17 21 23 26 27 29 33 37 40 42 45 47 0
6 7 9 13 16 20 23 26 27 29 33 37 40 42 45 47 0
2 8 10 12 17 21 23 26 27 29 33 37 40 42 45 47 0
6 8 9 13 16 20 23 26 27 29 33 37 40 42 45 47 0
5 8 9 13 16 20 23 26 27 29 33 37 40 42 45 47 0
1 8 9 13 16 20 23 26 27 29 33 37 40 42 45 47 0
6 7 11 12 17 20 23 26 27 29 33 37 40 42 45 47 0
2 7 11 13 16 20 23 26 27 29 33 37 40 42 45 47 0
1 7 11 13 18 21 23 26 27 29 33 37 40 42 45 47 0
4 8 11 14 17 21 23 26 27 29 33 37 40 42 45 47 0
1 7 11 12 15 19 23 26 27 29 33 37 40 42 45 47 0
2 8 11 12 18 19 23 26 27 29 33 37 40 42 45 47 0
2 8 11 13 17 19 23 26 27 29 33 37 40 42 45 47 0
4 8 11 14 17 20 23 26 27 29 33 37 40 42 45 47 0
4 8 11 12 16 21 23 26 27 29 33 37 40 42 45 47 0
5 8 11 13 18 21 23 26 27 29 33 37 40 42 45 47 0
1 8 11 14 18 22 24 26 27 29 33 37 40 42 45 47 1
2 7 11 13 17 22 23 26 27 29 33 37 40 42 45 47 1
2 7 11 13 17 22 23 26 27 29 33 37 40 42 45 47 1
2 7 11 13 16 19 23 26 27 29 33 37 40 42 45 47 1
1 8 11 14 18 22 24 26 27 29 33 37 40 42 45 47 1
1 8 11 13 17 22 23 26 27 29 33 37 40 42 45 47 1
0 8 11 14 18 22 23 26 27 29 33 37 40 42 45 47 1
2 7 11 13 17 22 23 26 27 29 33 37 40 42 45 47 1
1 7 11 13 17 22 23 26 27 29 33 37 40 42 45 47 1
2 8 11 13 18 22 23 26 27 29 33 37 40 42 45 47 1
5 7 11 13 17 21 23 26 28 32 34 37 40 42 45 47 1
1 8 11 13 18 22 23 26 27 29 33 37 40 42 45 47 1
1 7 11 13 18 22 23 26 27 29 33 37 40 42 45 47 1
4 7 11 13 16 22 23 26 28 32 34 37 40 42 45 47 1
1 7 11 13 17 22 23 26 27 29 33 37 40 42 45 47 1
4 8 11 13 18 22 23 26 28 32 34 37 40 42 45 47 1
2 7 11 13 18 22 23 26 27 29 33 37 40 42 45 47 1
0 8 10 13 17 21 24 26 27 29 33 37 40 42 45 47 1
1 8 10 13 17 19 23 26 27 29 33 37 40 42 45 47 1
1 8 11 13 16 19 23 26 27 29 33 37 40 42 45 47 1
1 7 11 13 16 22 23 26 28 32 34 37 40 42 45 47 1
2 7 11 13 18 22 23 26 27 29 33 37 40 42 45 47 1
3 7 11 13 17 22 23 26 28 29 36 38 40 42 45 47 1
2 8 11 14 18 20 24 26 27 29 33 37 40 42 45 47 1
1 7 11 13 17 22 23 26 27 29 33 37 40 42 45 47 1
1 8 11 13 17 22 23 26 27 29 33 37 40 42 45 47 1
5 7 11 13 16 22 23 26 28 32 34 37 40 42 45 47 1
4 8 10 13 17 21 23 26 28 32 34 37 40 42 45 47 1
3 8 11 13 16 22 23 26 28 32 34 37 40 42 45 47 1
1 7 11 13 18 22 23 26 27 29 33 37 40 42 45 47 1
4 7 11 13 17 22 23 26 28 29 36 38 40 42 45 47 1
2 8 11 13 17 22 23 26 27 29 33 37 40 42 45 47 1
2 8 10 13 15 19 23 26 27 29 33 37 40 42 45 47 1
3 8 11 13 18 20 23 26 28 32 34 37 40 42 45 47 1
3 7 11 13 18 22 23 26 28 29 36 38 40 42 45 47 1
2 7 11 13 17 21 23 26 28 32 34 37 40 42 45 47 1
3 7 11 13 18 20 23 26 27 29 33 37 40 42 45 47 1
3 8 11 13 18 20 23 26 28 32 34 37 40 42 45 47 1
2 8 11 13 18 22 23 26 27 29 33 37 40 42 45 47 1
5 8 11 13 18 22 23 26 28 29 36 38 40 42 45 47 1
5 7 11 13 18 22 23 26 27 29 33 37 40 42 45 47 0
4 7 11 14 17 22 23 26 27 29 33 37 40 42 45 47 0
2 7 10 13 15 19 23 26 27 29 33 37 40 42 45 47 0
3 7 10 13 16 21 23 26 27 29 33 37 40 42 45 47 0
3 7 10 13 18 21 23 26 27 29 33 37 40 42 45 47 0
3 7 11 13 17 20 23 26 27 29 33 37 40 42 45 47 0
3 7 10 13 16 19 23 26 27 29 33 37 40 42 45 47 0
4 7 11 13 15 22 23 26 27 29 33 37 40 42 45 47 0
2 7 10 13 18 20 23 26 27 29 33 37 40 42 45 47 0
4 8 11 14 17 20 23 26 27 29 33 37 40 42 45 47 0
2 8 10 14 17 21 23 26 27 29 33 37 40 42 45 49 0
3 7 11 12 17 22 24 26 27 29 33 37 40 42 45 47 0
2 7 10 12 15 19 23 26 27 29 33 37 40 42 45 47 0
4 8 11 13 18 19 23 26 27 29 33 37 40 42 45 48 0
3 7 11 13 16 20 23 26 27 29 33 37 40 42 45 48 0
3 8 10 12 17 19 23 26 27 29 33 37 40 42 45 48 0
3 7 10 13 17 22 24 26 27 29 33 37 40 42 45 47 0
3 8 11 13 15 21 23 26 27 29 33 37 40 42 45 48 0
4 7 10 13 16 22 23 26 27 29 33 37 40 42 45 47 0
5 8 10 13 17 19 23 26 27 29 33 37 40 42 45 48 0
6 7 11 12 17 21 23 25 28 29 36 37 40 42 45 47 0
6 7 11 12 17 21 23 26 28 29 36 37 40 42 45 47 0
4 7 11 13 16 20 23 25 27 29 36 37 40 42 45 47 0
4 7 11 13 15 19 23 26 27 29 36 37 40 42 45 47 0
4 7 11 12 15 19 23 26 27 29 36 37 40 42 45 47 0
6 7 11 14 17 21 23 26 28 29 36 37 40 42 45 47 0
3 7 11 12 15 19 23 25 27 29 36 37 40 42 45 47 0
3 7 11 13 18 22 23 25 27 29 36 37 40 42 45 47 0
5 7 11 13 16 20 23 26 28 29 36 37 40 42 45 47 0
4 7 11 13 15 19 23 25 28 29 36 37 40 42 45 47 0
5 8 11 13 18 22 23 25 28 32 35 37 40 42 45 47 0
5 8 11 14 17 21 23 26 28 32 34 38 40 42 45 47 0
6 7 11 13 16 20 23 25 28 32 35 37 40 42 45 47 0
2 8 11 14 15 19 24 26 28 31 34 38 40 42 45 47 0
3 7 11 13 18 22 24 26 28 32 35 38 40 42 45 47 0
4 8 11 14 17 21 24 26 28 32 34 38 40 42 45 47 0
6 7 11 13 17 21 23 25 28 32 35 37 40 42 45 47 0
1 7 11 13 16 20 24 26 28 31 35 38 40 42 45 47 0
6 8 11 13 17 21 23 25 28 32 35 37 40 42 45 47 0
5 7 11 13 16 20 24 26 28 32 35 38 40 42 45 47 0
5 8 11 14 18 22 24 26 28 32 35 38 40 42 45 47 0
0 7 11 13 18 22 24 26 28 31 35 38 40 42 45 47 0
6 7 11 13 17 21 24 26 28 32 34 38 40 42 45 47 0
5 8 11 13 16 20 23 25 28 32 35 37 40 42 45 47 0
5 7 11 13 17 21 23 25 28 32 35 37 40 42 45 47 0
6 8 11 14 15 19 23 26 28 32 34 38 40 42 45 47 0
5 7 11 13 16 20 23 25 28 32 35 37 40 42 45 47 0
6 8 11 14 18 22 23 26 28 32 35 38 40 42 45 47 0
5 8 11 13 18 22 23 25 28 32 35 37 40 42 45 47 0
5 8 11 13 17 21 23 25 28 32 35 37 40 42 45 47 0
3 8 10 13 15 21 23 26 27 29 33 37 40 42 45 47 0
3 7 9 13 15 21 23 26 27 29 33 37 40 42 45 47 0
3 8 10 13 15 19 23 26 27 29 33 37 40 42 45 47 0
3 7 9 13 17 19 23 26 27 29 33 37 40 42 45 47 0
3 8 10 14 18 21 23 26 27 29 33 37 40 42 45 47 0
2 7 9 13 15 22 23 26 27 29 33 37 40 42 45 47 0
1 7 9 14 18 21 23 26 27 29 33 37 40 42 45 47 0
2 8 10 13 17 21 23 26 27 29 33 37 40 42 45 47 0
2 7 9 14 18 19 24 26 27 29 33 37 40 42 45 47 0
2 8 10 14 18 22 23 26 27 29 33 37 40 42 45 47 0
4 8 11 13 16 20 23 26 27 29 33 37 40 42 45 47 0
4 7 10 13 18 22 23 26 27 29 33 37 40 42 45 47 0
3 7 11 13 15 19 23 26 27 29 33 37 40 42 45 47 0
6 7 11 14 18 22 23 26 27 29 33 37 40 42 45 47 0
6 7 10 13 17 21 23 26 27 29 33 37 40 42 45 47 0
5 7 11 14 18 22 23 26 27 29 33 37 40 42 45 47 0
6 7 10 13 18 22 23 26 27 29 33 37 40 42 45 47 0
5 8 11 14 18 20 23 26 27 29 33 37 40 42 45 47 0
6 7 11 14 18 22 23 26 27 29 33 37 40 42 45 47 0
6 7 11 14 18 21 23 26 27 29 33 37 40 42 45 47 0
5 7 11 14 17 22 23 26 27 29 33 37 40 42 45 47 0
4 8 11 13 18 19 23 26 27 29 33 37 40 42 45 47 0
6 7 11 13 16 20 23 26 27 29 33 37 40 42 45 47 0
5 7 11 14 17 21 23 26 27 29 33 37 40 42 45 47 0
5 8 11 13 15 19 23 26 27 29 33 37 40 42 45 47 0
4 7 11 13 17 21 23 26 27 29 33 37 40 42 45 47 0
4 7 11 13 16 20 23 26 27 29 33 37 40 42 45 47 0
5 7 11 13 17 20 23 26 27 29 33 37 40 42 45 47 0
6 7 11 14 18 21 23 26 27 29 33 37 40 42 45 47 0
6 8 11 14 16 20 23 26 27 29 33 37 40 42 45 47 0
5 8 11 14 18 20 23 26 27 29 33 37 40 42 45 47 0
5 8 11 14 18 22 23 26 27 29 33 37 40 42 45 47 0
4 8 11 13 17 20 23 26 27 29 33 37 40 42 45 47 0
6 8 10 14 17 21 23 26 27 29 33 37 40 42 45 47 0
4 8 11 13 16 21 23 26 27 29 33 37 40 42 45 47 0
6 8 11 14 17 20 23 26 27 29 33 37 40 42 45 47 0
4 8 11 13 15 22 23 26 27 29 33 37 40 42 45 47 0
4 7 11 14 18 22 23 26 27 29 33 37 40 42 45 47 0
5 7 11 14 17 22 23 26 27 29 33 37 40 42 45 47 0
3 7 11 13 15 19 23 26 27 29 33 37 40 42 45 47 0
5 7 11 13 16 21 23 26 27 29 33 37 40 42 45 47 0
5 7 11 14 16 20 23 26 27 29 33 37 40 42 45 47 0
4 7 11 14 16 20 23 26 27 29 33 37 40 42 45 47 0
5 8 11 13 18 22 23 26 27 29 33 37 40 42 45 47 0
6 7 11 13 17 20 23 26 27 29 33 37 40 42 45 47 0
5 7 11 13 15 22 23 26 27 29 33 37 40 42 45 47 0
6 7 11 13 15 22 23 26 27 29 33 37 40 42 45 47 0
5 8 11 14 17 20 23 26 27 29 33 37 40 42 45 47 0
5 7 11 13 18 19 23 26 27 29 33 37 40 42 45 47 0
6 7 11 13 16 21 23 26 27 29 33 37 40 42 45 47 0
6 7 10 14 18 22 23 26 28 32 35 38 40 42 45 47 0
4 7 10 14 16 20 23 26 27 29 33 37 40 42 45 47 0
5 7 10 13 17 20 23 26 28 32 34 38 40 42 45 47 0
5 8 11 13 18 21 23 26 27 29 33 37 40 42 45 47 0
6 8 11 14 18 22 23 26 28 32 35 38 40 42 45 47 0
4 7 10 13 18 22 23 26 27 29 33 37 40 42 45 47 0
3 7 11 13 17 22 23 26 28 32 35 38 40 42 45 47 0
5 7 11 14 17 21 23 26 28 32 35 38 40 42 45 47 0
5 7 11 13 16 20 23 26 27 29 33 37 40 42 45 47 0
5 7 11 14 17 22 23 26 28 32 35 38 40 42 45 47 0
5 7 11 13 15 20 23 26 28 32 35 38 40 42 45 47 0
4 7 11 13 17 22 23 26 27 29 33 37 40 42 45 47 0
4 7 11 14 16 20 23 26 28 32 35 38 40 42 45 47 0
4 7 11 13 17 20 23 26 28 32 34 38 40 42 45 47 0
3 8 11 13 18 21 23 26 28 32 35 38 40 42 45 47 0
5 7 11 13 18 19 23 26 28 32 34 38 40 42 45 47 0
5 7 11 14 16 20 23 26 28 32 35 38 40 42 45 47 0
4 7 11 14 16 21 23 26 28 32 35 38 40 42 45 47 0
5 7 11 14 17 20 23 26 28 32 35 38 40 42 45 47 0
5 7 11 13 18 19 23 26 28 32 34 38 40 42 45 47 0
3 7 11 13 16 21 23 26 27 29 33 37 40 42 45 47 0
6 7 10 14 18 22 23 26 28 32 35 37 40 42 45 47 0
5 7 10 13 16 22 23 26 28 32 33 37 40 42 45 47 0
5 7 11 13 18 21 23 26 28 32 34 38 40 42 45 47 0
5 8 11 13 18 22 23 26 27 29 33 37 40 42 45 47 0
3 8 11 13 18 19 23 26 27 29 33 37 40 42 45 47 0
6 8 11 14 18 20 23 26 28 32 35 38 40 42 45 47 0
4 7 11 13 16 21 23 26 27 29 33 37 40 42 45 47 0
4 7 11 14 16 19 23 26 28 32 35 38 40 42 45 47 0
6 8 11 14 18 19 23 26 28 32 35 38 40 42 45 47 0
5 8 11 14 18 22 23 26 28 32 35 38 40 42 45 47 0
4 7 11 13 15 20 23 26 27 29 33 37 40 42 45 47 0
4 7 11 13 17 22 23 26 28 32 34 38 40 42 45 47 0
4 8 10 14 16 20 24 26 27 29 33 37 40 42 45 47 0
4 7 11 13 17 19 23 26 27 29 33 37 40 42 45 47 0
5 8 11 13 16 21 23 26 27 29 33 37 40 42 45 47 0
4 7 11 14 16 22 23 26 28 32 35 38 40 42 45 47 0
5 7 11 13 16 21 23 26 28 32 35 38 40 42 45 47 0
5 7 11 14 17 19 23 26 28 32 35 38 40 42 45 47 0
5 8 11 13 17 22 23 26 28 32 35 38 40 42 45 47 0
6 7 11 13 16 19 24 26 28 32 34 38 40 42 45 47 0
3 7 11 13 17 19 24 26 28 32 33 38 40 42 45 47 0
4 7 11 13 18 19 24 26 28 32 34 38 40 42 45 47 0
5 7 11 13 16 19 24 26 28 32 33 38 40 42 45 47 0
3 7 11 13 18 19 24 26 28 32 33 38 40 42 45 47 0
5 7 11 13 17 19 24 26 28 32 33 38 40 42 45 47 0
5 7 11 13 18 20 24 26 28 32 33 38 40 42 45 47 0
3 7 11 13 17 20 24 26 28 32 33 38 40 42 45 47 0
4 7 11 13 18 19 24 26 28 32 33 38 40 42 45 47 0
6 7 11 13 18 19 24 26 28 32 34 38 40 42 45 47 0
4 7 9 13 17 22 24 26 28 29 36 37 40 44 46 47 0
5 7 9 14 18 21 24 26 28 29 36 37 40 44 46 47 0
4 7 9 14 18 22 24 26 28 29 36 37 40 44 46 47 0
5 7 9 14 15 21 24 26 28 29 36 37 40 44 46 47 0
5 7 9 14 17 21 24 26 28 29 36 37 40 44 46 47 0
3 7 9 14 15 21 24 26 28 29 36 37 40 44 46 47 0
4 7 9 14 16 22 24 26 28 29 36 37 40 44 46 47 0
5 7 9 14 17 21 24 26 28 29 36 37 40 44 46 47 0
6 7 9 14 18 22 24 26 28 29 36 37 40 44 46 47 0
6 7 9 14 18 22 24 26 28 29 36 37 40 44 46 47 0
0 8 11 12 15 20 24 25 28 30 34 38 40 42 45 48 0
0 8 11 12 18 20 24 25 28 30 34 38 40 42 45 47 0
0 8 11 12 17 20 24 25 28 30 34 38 40 42 45 47 0
2 8 11 12 15 20 24 25 28 30 34 38 40 42 45 47 0
1 8 11 12 17 20 24 25 28 30 34 38 40 42 45 47 0
2 8 11 12 18 20 24 25 28 30 34 38 40 42 45 47 0
2 8 11 12 17 20 24 25 28 30 34 38 41 42 45 47 0
4 7 11 12 15 20 24 26 28 30 34 38 41 42 45 47 0
0 8 11 12 16 20 24 25 28 30 34 38 41 42 45 47 0
2 8 11 12 18 20 24 25 28 30 34 38 41 42 45 47 0
2 8 10 12 18 20 24 26 28 30 35 37 40 42 45 47 0
1 8 11 12 18 20 24 26 28 31 35 37 40 42 45 47 0
2 8 11 13 18 20 24 26 28 31 35 38 40 42 45 47 0
1 8 11 13 17 22 24 26 28 31 35 38 40 42 45 47 0
3 8 10 13 17 20 24 26 28 32 35 37 40 42 45 48 0
3 8 10 13 18 20 24 26 28 31 35 37 40 42 45 48 0
0 8 11 14 18 20 24 26 28 32 35 37 40 42 45 48 0
1 8 11 13 17 20 24 26 28 30 35 37 40 42 45 48 0
1 8 11 13 15 20 24 26 28 29 35 39 40 42 45 48 0
4 8 10 14 18 20 24 26 28 32 35 37 40 42 45 48 0
1 8 11 14 17 20 24 26 28 30 35 39 40 42 45 48 0
2 8 11 13 18 20 24 26 28 30 35 37 40 42 45 48 0
3 8 11 14 17 20 24 26 28 32 35 37 40 42 45 48 0
4 8 10 13 18 20 24 26 28 32 35 37 40 42 45 48 0
1 8 11 13 17 20 24 26 28 30 35 39 40 42 45 48 0
1 8 11 13 18 20 24 26 28 32 35 39 40 42 45 48 0
1 8 11 14 16 20 24 26 28 32 35 39 40 42 45 48 0
2 8 10 14 17 20 24 26 28 30 35 39 40 42 45 48 0
3 8 10 13 18 20 24 26 28 31 35 37 40 42 45 48 0
3 8 10 13 16 20 24 26 28 32 35 37 40 42 45 48 0
1 8 11 14 16 20 24 26 28 29 35 39 40 42 45 48 0
2 8 11 14 17 20 24 26 28 31 35 37 40 42 45 48 0
3 8 10 13 18 20 24 26 28 32 35 37 40 42 45 48 0
4 8 10 13 17 20 24 26 28 32 35 37 40 42 45 48 0
1 8 11 14 18 20 24 26 28 29 35 39 40 42 45 48 0
2 8 11 14 17 20 24 26 28 31 35 37 40 42 45 48 0
3 8 10 13 18 20 24 26 28 32 35 37 40 42 45 48 0
4 8 10 13 17 20 24 26 28 32 35 37 40 42 45 48 0
1 8 11 14 18 20 24 26 28 29 35 39 40 42 45 48 0
2 8 11 14 17 20 24 26 28 31 35 37 40 42 45 48 0
3 8 10 13 18 20 24 26 28 32 35 37 40 42 45 48 0
1 8 11 14 17 20 24 26 28 29 35 39 40 42 45 48 0
2 8 11 13 18 20 24 26 28 31 35 37 40 42 45 48 0
3 8 11 13 16 20 24 26 28 32 35 37 40 42 45 48 0
1 8 11 14 17 20 24 26 28 29 35 39 40 42 45 48 0
2 8 11 14 18 20 24 26 28 31 35 37 40 42 45 48 0
3 8 10 13 17 20 24 26 28 32 35 37 40 42 45 48 0
4 8 10 13 18 20 24 26 28 32 35 37 40 42 45 48 0
1 8 11 13 17 20 24 26 28 31 35 39 40 42 45 48 0
2 8 11 13 18 20 24 26 28 32 35 37 40 42 45 48 0
3 8 10 13 16 20 24 26 28 32 35 37 40 42 45 48 0
4 8 10 13 16 20 24 26 28 32 35 37 40 42 45 48 0
1 8 11 14 17 20 24 26 28 31 35 39 40 42 45 48 0
2 8 11 14 18 20 24 26 28 32 35 37 40 42 45 48 0
3 8 10 13 17 20 24 26 28 32 35 37 40 42 45 48 0
2 8 10 13 18 20 24 26 28 32 35 37 40 42 45 48 0
3 8 10 13 17 20 24 26 28 32 35 37 40 42 45 48 0
3 8 10 13 18 20 24 26 28 32 35 37 40 42 45 48 0
3 7 9 12 16 19 24 26 28 29 36 37 40 43 45 47 0
4 7 10 12 17 21 24 25 28 29 36 37 40 43 45 47 0
3 7 9 12 18 21 24 26 28 29 36 37 40 43 45 47 0
5 7 9 13 18 19 24 26 28 29 36 37 40 43 45 47 0
6 7 9 13 17 20 24 26 28 29 36 37 40 43 45 47 0
4 7 10 12 18 21 24 25 28 29 36 37 40 43 45 47 0
5 7 9 14 17 22 23 26 28 29 33 37 40 43 45 47 0
5 7 9 13 16 19 23 26 28 29 33 37 40 43 45 47 0
4 7 9 13 18 21 23 26 28 29 33 37 40 43 45 47 0
5 7 9 13 17 22 23 26 28 29 33 37 40 43 45 47 0
5 7 9 13 17 21 23 26 28 29 33 37 40 43 45 47 0
3 8 10 12 17 19 24 25 28 29 36 37 40 43 45 47 0
5 8 10 13 17 22 24 25 28 29 36 37 40 43 45 47 0
4 8 9 12 17 21 24 26 28 29 36 37 40 43 45 47 0
5 8 10 12 18 22 24 25 28 29 36 37 40 43 45 47 0
4 8 10 12 18 20 24 25 28 29 36 37 40 43 45 47 0
6 8 10 13 18 22 24 25 28 29 36 37 40 43 45 47 0
3 7 9 13 17 21 23 26 28 29 33 37 40 43 45 47 0
5 7 9 14 18 19 23 26 28 29 33 37 40 43 45 47 0
3 7 9 13 17 21 23 26 28 29 33 37 40 43 45 47 0
4 7 9 13 16 22 23 26 28 29 33 37 40 43 45 47 0
5 7 9 14 17 19 23 26 28 29 33 37 40 43 45 47 0
4 7 9 13 16 19 23 26 28 29 33 37 40 43 45 47 0
5 7 9 14 18 21 23 26 28 29 33 37 40 43 45 47 0
1 7 9 12 15 19 23 26 27 29 33 37 40 42 45 47 0
2 7 10 13 16 20 23 26 27 29 33 37 40 42 45 47 0
3 7 11 12 17 21 23 26 27 29 33 37 40 42 45 47 0
4 7 9 13 18 22 23 26 27 29 33 37 40 42 45 47 0
5 7 10 12 15 19 23 26 27 29 33 37 40 42 45 47 0
4 7 10 12 17 21 23 26 27 29 33 37 40 42 45 47 0
3 8 9 13 18 22 23 26 27 29 33 37 40 42 45 47 0
4 8 10 12 15 19 23 26 27 29 33 37 40 42 45 47 0
2 8 10 12 15 19 23 26 27 29 33 37 40 42 45 47 0
5 8 9 13 18 22 23 26 27 29 33 37 40 42 45 47 0
3 7 11 12 17 21 23 26 27 29 33 37 40 42 45 47 0
4 7 11 13 18 22 23 26 27 29 33 37 40 42 45 47 0
5 7 11 13 16 19 23 26 27 29 33 37 40 42 45 47 0
2 7 11 12 15 22 23 26 27 29 33 37 40 42 45 47 0
3 7 11 13 16 19 23 26 27 29 33 37 40 42 45 47 0
6 8 11 12 16 22 23 26 27 29 33 37 40 42 45 47 0
3 8 11 14 18 20 23 26 27 29 33 37 40 42 45 47 0
5 8 11 13 17 22 23 26 27 29 33 37 40 42 45 47 0
3 8 11 13 16 20 23 26 27 29 33 37 40 42 45 47 0
5 8 11 12 18 22 23 26 27 29 33 37 40 42 45 47 0
1 8 11 13 18 21 23 26 28 32 34 37 40 42 45 47 1
2 7 11 13 16 20 23 26 27 29 33 37 40 42 45 47 1
3 7 11 13 17 22 23 26 27 29 33 37 40 42 45 47 1
2 8 11 13 18 22 23 26 27 29 33 37 40 42 45 47 1
2 7 11 13 17 21 23 26 28 32 34 37 40 42 45 47 1
5 7 11 13 17 22 23 26 28 29 36 38 40 42 45 47 1
2 7 11 13 18 22 23 26 27 29 33 37 40 42 45 47 1
1 7 11 13 17 22 23 26 27 29 33 37 40 42 45 47 1
2 8 10 13 17 21 24 26 27 29 33 37 40 42 45 47 1
3 8 11 14 16 20 23 26 28 32 34 37 40 42 45 47 1
0 7 10 13 15 19 23 26 27 29 33 37 40 42 45 47 1
1 7 11 14 16 20 24 26 27 29 33 37 40 42 45 47 1
2 7 10 13 17 21 23 26 27 29 33 37 40 42 45 47 1
3 7 11 14 18 22 24 26 28 32 34 37 40 42 45 47 1
4 7 10 13 16 19 23 26 28 32 34 37 40 42 45 47 1
0 7 11 14 17 20 24 26 27 29 33 37 40 42 45 47 1
1 7 10 13 18 21 23 26 27 29 33 37 40 42 45 47 1
2 7 11 14 16 22 23 26 27 29 33 37 40 42 45 47 1
0 7 10 13 17 19 24 26 27 29 33 37 40 42 45 47 1
1 8 11 14 18 20 23 26 27 29 33 37 40 42 45 47 1
1 7 11 13 16 20 23 26 27 29 33 37 40 42 45 47 1
2 7 11 13 17 21 23 26 27 29 33 37 40 42 45 47 1
3 8 11 13 18 22 23 26 28 32 34 37 40 42 45 47 1
4 7 11 13 17 20 23 26 28 32 34 37 40 42 45 47 1
5 7 11 13 18 21 23 26 28 32 34 37 40 42 45 47 1
1 8 11 13 17 22 23 26 27 29 33 37 40 42 45 47 1
2 7 11 13 18 22 23 26 27 29 33 37 40 42 45 47 1
3 7 11 13 17 22 23 26 28 32 34 37 40 42 45 47 1
1 8 11 13 18 22 23 26 27 29 33 37 40 42 45 47 1
2 7 11 13 16 20 23 26 27 29 33 37 40 42 45 47 1
3 7 11 13 17 21 23 26 28 32 34 37 40 42 45 47 1
1 8 11 13 18 22 23 26 27 29 33 37 40 42 45 47 1
2 7 11 13 17 22 23 26 27 29 33 37 40 42 45 47 1
3 7 11 13 18 22 23 26 28 32 34 37 40 42 45 47 1
1 8 11 13 17 20 23 26 27 29 33 37 40 42 45 47 1
2 7 11 13 18 21 23 26 27 29 33 37 40 42 45 47 1
3 7 11 13 17 22 23 26 28 32 34 37 40 42 45 47 1
4 8 11 13 18 20 23 26 28 32 34 37 40 42 45 47 1
5 7 11 13 16 21 23 26 28 32 34 37 40 42 45 47 1
1 7 11 13 17 22 23 26 27 29 33 37 40 42 45 47 1
2 8 11 13 18 22 23 26 27 29 33 37 40 42 45 47 1
3 7 11 13 17 20 23 26 28 32 34 37 40 42 45 47 1
4 7 11 13 18 22 23 26 28 32 34 37 40 42 45 47 1
5 8 11 13 18 22 23 26 28 32 34 37 40 42 45 47 1
1 7 11 13 16 20 23 26 27 29 33 37 40 42 45 47 1
2 7 11 13 17 21 23 26 27 29 33 37 40 42 45 47 1
3 8 11 13 18 22 23 26 28 32 34 37 40 42 45 47 1
1 7 11 13 16 20 23 26 28 32 34 37 40 42 45 47 1
2 7 11 13 17 21 23 26 28 32 34 37 40 42 45 47 1
3 8 11 13 18 22 23 26 28 32 34 37 40 42 45 47 1
1 7 11 13 16 22 23 26 28 32 34 37 40 42 45 47 1
2 7 11 13 17 21 23 26 28 32 34 37 40 42 45 47 1
3 7 11 13 16 20 23 26 27 29 33 37 40 42 45 47 0
4 8 10 13 17 21 23 26 27 29 33 37 40 42 45 47 0
2 8 10 13 16 19 23 26 27 29 33 37 40 42 45 47 0
4 7 10 14 18 21 23 26 27 29 33 37 40 42 45 47 0
5 8 11 13 16 22 24 26 27 29 33 37 40 42 45 47 0
3 7 10 13 17 19 24 26 27 29 33 37 40 42 45 47 0
4 7 11 13 18 20 23 26 27 29 33 37 40 42 45 47 0
3 7 11 13 16 21 24 26 27 29 33 37 40 42 45 47 0
4 8 10 13 17 22 23 26 27 29 33 37 40 42 45 47 0
5 7 11 13 18 19 24 26 27 29 33 37 40 42 45 47 0
3 7 10 12 18 22 23 26 27 29 33 37 40 42 45 47 0
1 8 10 13 16 19 23 26 27 29 33 37 40 42 45 48 0
2 7 10 14 17 20 23 26 27 29 33 37 40 42 45 47 0
3 8 10 13 18 21 23 26 27 29 33 37 40 42 45 48 0
2 7 11 13 18 20 23 26 27 29 33 37 40 42 45 47 0
2 7 11 13 16 22 23 26 27 29 33 37 40 42 45 47 0
1 7 10 13 18 20 23 26 27 29 33 37 40 42 45 47 0
2 8 11 14 16 21 23 26 27 29 33 37 40 42 45 48 0
5 7 10 14 15 20 24 26 27 29 33 37 40 42 45 47 0
2 8 11 12 16 21 23 26 27 29 33 37 40 42 45 48 0
5 7 11 14 17 21 23 26 27 29 36 37 40 42 45 47 0
6 7 11 12 18 22 23 26 28 29 36 37 40 42 45 47 0
5 7 11 14 16 20 23 26 27 29 36 37 40 42 45 47 0
4 7 11 14 15 19 23 26 27 29 36 37 40 42 45 47 0
5 7 11 12 16 20 23 26 28 29 36 37 40 42 45 47 0
6 7 11 13 17 21 23 25 28 29 36 37 40 42 45 47 0
3 7 11 14 18 22 23 25 27 29 36 37 40 42 45 47 0
3 7 11 12 18 22 23 25 27 29 36 37 40 42 45 47 0
5 7 11 14 16 20 23 25 27 29 36 37 40 42 45 47 0
6 7 11 13 18 22 23 26 28 29 36 37 40 42 45 47 0
0 7 11 13 15 19 23 26 28 31 34 38 40 42 45 47 0
2 7 11 13 17 21 24 26 28 32 34 38 40 42 45 47 0
4 7 11 13 15 19 23 26 28 32 34 38 40 42 45 47 0
1 7 11 13 15 19 24 26 28 31 34 38 40 42 45 47 0
4 8 11 14 16 20 23 26 28 32 35 38 40 42 45 47 0
6 7 11 13 18 22 23 25 28 32 35 37 40 42 45 47 0
6 8 11 13 16 20 23 25 28 32 35 37 40 42 45 47 0
6 8 11 13 18 22 23 25 28 32 35 37 40 42 45 47 0
5 8 11 13 17 21 23 25 28 32 35 37 40 42 45 47 0
5 7 11 13 18 22 23 25 28 32 35 37 40 42 45 47 0
4 7 11 13 17 21 23 25 28 32 35 37 40 42 45 47 0
3 8 11 14 16 20 24 26 28 32 35 38 40 42 45 47 0
4 8 11 14 16 20 24 26 28 32 35 38 40 42 45 47 0
5 8 11 14 17 21 23 26 28 32 34 38 40 42 45 47 0
6 8 11 14 18 22 23 26 28 32 35 38 40 42 45 47 0
4 7 11 13 16 20 23 25 28 32 35 37 40 42 45 47 0
5 8 11 13 17 21 23 25 28 32 35 37 40 42 45 47 0
6 7 11 13 18 22 23 25 28 32 35 37 40 42 45 47 0
4 8 11 13 16 20 23 25 28 32 35 37 40 42 45 47 0
5 7 11 13 17 21 23 25 28 32 35 37 40 42 45 47 0
6 8 11 13 18 22 23 25 28 32 35 37 40 42 45 47 0
5 7 11 13 18 22 23 25 28 32 35 37 40 42 45 47 0
5 8 11 13 16 20 23 25 28 32 35 37 40 42 45 47 0
5 7 11 13 16 20 23 25 28 32 35 37 40 42 45 47 0
1 7 9 13 15 19 23 26 27 29 33 37 40 42 45 47 0
3 7 9 13 17 22 24 26 27 29 33 37 40 42 45 47 0
1 8 10 13 17 22 23 26 27 29 33 37 40 42 45 47 0
2 8 10 13 17 19 23 26 27 29 33 37 40 42 45 47 0
2 7 9 14 16 21 23 26 27 29 33 37 40 42 45 47 0
2 7 9 14 16 22 23 26 27 29 33 37 40 42 45 47 0
3 8 10 14 16 19 24 26 27 29 33 37 40 42 45 47 0
4 8 10 14 16 21 24 26 27 29 33 37 40 42 45 47 0
2 8 10 14 18 19 23 26 27 29 33 37 40 42 45 47 0
4 8 10 14 16 22 23 26 27 29 33 37 40 42 45 47 0
6 7 11 14 17 21 23 26 27 29 33 37 40 42 45 47 0
5 7 11 14 17 21 23 26 27 29 33 37 40 42 45 47 0
6 8 11 14 17 22 23 26 27 29 33 37 40 42 45 47 0
5 8 11 13 17 21 23 26 27 29 33 37 40 42 45 47 0
6 7 11 13 18 22 23 26 27 29 33 37 40 42 45 47 0
5 7 11 13 17 21 23 26 27 29 33 37 40 42 45 47 0
6 7 11 13 18 22 23 26 27 29 33 37 40 42 45 47 0
5 7 11 13 18 19 23 26 27 29 33 37 40 42 45 47 0
5 8 11 13 15 19 23 26 27 29 33 37 40 42 45 47 0
5 8 11 13 16 20 23 26 27 29 33 37 40 42 45 47 0
4 7 11 13 15 19 23 26 27 29 33 37 40 42 45 47 0
6 8 10 14 16 20 23 26 27 29 33 37 40 42 45 47 0
4 8 11 13 17 21 23 26 27 29 33 37 40 42 45 47 0
6 7 10 13 15 19 23 26 27 29 33 37 40 42 45 47 0
5 7 11 13 17 21 23 26 27 29 33 37 40 42 45 47 0
6 7 10 14 18 22 23 26 27 29 33 37 40 42 45 47 0
4 8 11 14 15 19 23 26 27 29 33 37 40 42 45 47 0
5 8 10 14 15 19 23 26 27 29 33 37 40 42 45 47 0
6 7 11 13 16 20 23 26 27 29 33 37 40 42 45 47 0
5 8 10 14 17 21 23 26 27 29 33 37 40 42 45 47 0
4 7 11 13 16 19 23 26 27 29 33 37 40 42 45 47 0
5 7 11 14 17 20 23 26 27 29 33 37 40 42 45 47 0
6 8 11 14 18 21 23 26 27 29 33 37 40 42 45 47 0
5 7 11 14 16 22 23 26 27 29 33 37 40 42 45 47 0
5 7 11 14 17 19 23 26 27 29 33 37 40 42 45 47 0
5 8 11 14 18 20 23 26 27 29 33 37 40 42 45 47 0
5 7 11 14 17 22 23 26 27 29 33 37 40 42 45 47 0
5 8 11 14 18 19 23 26 27 29 33 37 40 42 45 47 0
5 7 11 14 16 20 23 26 27 29 33 37 40 42 45 47 0
4 7 11 13 17 21 23 26 27 29 33 37 40 42 45 47 0
5 8 11 14 18 22 23 26 27 29 33 37 40 42 45 47 0
6 7 11 14 16 19 23 26 27 29 33 37 40 42 45 47 0
3 7 11 13 17 20 23 26 27 29 33 37 40 42 45 47 0
4 8 11 13 18 21 23 26 27 29 33 37 40 42 45 47 0
5 7 11 14 16 22 23 26 27 29 33 37 40 42 45 47 0
6 7 11 14 17 19 23 26 27 29 33 37 40 42 45 47 0
4 8 11 13 18 20 23 26 27 29 33 37 40 42 45 47 0
4 7 11 13 16 21 23 26 27 29 33 37 40 42 45 47 0
5 7 11 14 17 22 23 26 27 29 33 37 40 42 45 47 0
5 8 11 14 18 19 23 26 27 29 33 37 40 42 45 47 0
5 7 11 14 16 20 23 26 27 29 33 37 40 42 45 47 0
6 7 11 14 17 21 23 26 27 29 33 37 40 42 45 47 0
6 8 11 14 18 22 23 26 27 29 33 37 40 42 45 47 0
5 7 11 14 16 19 23 26 27 29 33 37 40 42 45 47 0
6 7 11 14 17 20 23 26 27 29 33 37 40 42 45 47 0
5 8 11 14 18 21 23 26 27 29 33 37 40 42 45 47 0
6 7 11 14 18 22 23 26 27 29 33 37 40 42 45 47 0
5 7 11 14 18 20 23 26 27 29 33 37 40 42 45 47 0
6 8 11 14 18 21 23 26 27 29 33 37 40 42 45 47 0
5 7 11 14 17 20 23 26 27 29 33 37 40 42 45 47 0
6 7 11 14 17 21 23 26 27 29 33 37 40 42 45 47 0
4 8 11 13 18 19 23 26 28 32 35 38 40 42 45 47 0
4 7 11 13 17 21 23 26 28 32 35 38 40 42 45 47 0
3 7 11 13 16 19 23 26 27 29 33 37 40 42 45 47 0
4 7 11 13 16 22 23 26 27 29 33 37 40 42 45 47 0
4 8 11 13 18 20 23 26 27 29 33 37 40 42 45 47 0
4 8 11 13 17 20 23 26 28 32 35 38 40 42 45 47 0
4 8 11 13 18 19 23 26 27 29 33 37 40 42 45 47 0
4 7 10 13 18 20 23 26 27 29 33 37 40 42 45 47 0
6 7 10 13 17 22 23 26 27 29 33 37 40 42 45 47 0
5 7 10 13 15 20 23 26 28 32 33 38 40 42 45 47 0
3 7 11 13 15 19 23 26 27 29 33 37 40 42 45 47 0
5 7 11 13 17 21 23 26 28 32 34 37 40 42 45 47 0
3 8 11 13 15 19 24 26 27 31 34 38 40 42 45 47 0
5 7 11 13 17 21 23 26 28 32 34 38 40 42 45 47 0
4 7 11 14 16 19 23 26 27 29 33 37 40 42 45 47 0
4 7 11 14 18 21 23 26 27 29 33 37 40 42 45 47 0
3 8 11 14 17 19 24 26 27 29 33 37 40 42 45 47 0
4 8 11 14 18 19 24 26 27 32 34 38 40 42 45 47 0
3 7 11 14 17 21 23 26 27 29 33 37 40 42 45 47 0
3 7 11 13 16 19 23 26 28 32 35 38 40 42 45 47 0
4 7 11 14 17 20 23 26 28 32 35 38 40 42 45 47 0
5 8 11 13 18 21 23 26 28 32 35 38 40 42 45 47 0
6 7 11 14 16 22 23 26 28 32 35 38 40 42 45 47 0
4 7 11 13 17 19 23 26 28 32 35 38 40 42 45 47 0
5 8 11 14 18 20 23 26 28 32 35 38 40 42 45 47 0
6 7 11 13 16 21 23 26 28 32 35 38 40 42 45 47 0
4 7 11 14 17 22 23 26 28 32 35 38 40 42 45 47 0
5 8 11 13 18 19 23 26 28 32 35 38 40 42 45 47 0
6 7 11 14 16 20 23 26 28 32 35 38 40 42 45 47 0
4 7 11 13 17 21 23 26 28 32 35 38 40 42 45 47 0
5 8 11 14 18 22 23 26 28 32 35 38 40 42 45 47 0
6 7 11 13 16 19 23 26 28 32 35 38 40 42 45 47 0
3 7 11 14 17 20 23 26 28 32 35 38 40 42 45 47 0
4 8 11 13 18 21 23 26 28 32 35 38 40 42 45 47 0
5 7 11 14 16 22 23 26 28 32 35 38 40 42 45 47 0
6 7 11 14 17 19 23 26 28 32 35 38 40 42 45 47 0
3 8 11 13 18 20 23 26 28 32 35 38 40 42 45 47 0
4 7 11 13 16 21 23 26 28 32 35 38 40 42 45 47 0
5 7 11 13 17 22 23 26 28 32 35 38 40 42 45 47 0
6 8 11 14 18 19 23 26 28 32 35 38 40 42 45 47 0
3 7 11 13 16 20 23 26 28 32 35 38 40 42 45 47 0
4 7 11 13 17 21 23 26 28 32 35 38 40 42 45 47 0
5 8 11 14 18 22 23 26 28 32 35 38 40 42 45 47 0
4 7 11 13 16 19 23 26 28 32 35 38 40 42 45 47 0
5 7 11 14 17 20 23 26 28 32 35 38 40 42 45 47 0
6 8 11 13 18 21 23 26 28 32 35 38 40 42 45 47 0
4 7 11 14 16 22 23 26 28 32 35 38 40 42 45 47 0
5 7 11 13 17 19 23 26 28 32 35 38 40 42 45 47 0
6 8 11 14 18 20 23 26 28 32 35 38 40 42 45 47 0
4 7 11 13 16 21 23 26 28 32 35 38 40 42 45 47 0
5 7 11 14 17 22 23 26 28 32 35 38 40 42 45 47 0
